3 0.272515 0.635897 0.138513 0.157265

3 0.761053 0.730769 0.112308 0.141880

3 0.602574 0.829915 0.109812 0.141880

3 0.558899 0.684615 0.059897 0.107692
3 0.308703 0.401709 0.160974 0.109402
3 0.611309 0.226496 0.089846 0.162393
3 0.791002 0.388034 0.117299 0.129915

3 0.932010 0.496581 0.079863 0.111111
3 0.304959 0.218803 0.126034 0.140171
3 0.215737 0.337607 0.114803 0.124786
3 0.542053 0.542735 0.103573 0.117949

3 0.678070 0.492308 0.121043 0.119658

3 0.704275 0.297436 0.118547 0.119658
3 0.792873 0.517094 0.096085 0.135043

3 0.862130 0.489744 0.089846 0.158974
3 0.379831 0.665812 0.066137 0.138462

3 0.460318 0.521368 0.114803 0.109402