3 0.635199 0.857850 0.110697 0.147241

3 0.922512 0.691972 0.085821 0.109964

3 0.535696 0.301505 0.103234 0.152832

3 0.492164 0.666810 0.110697 0.134194

3 0.576119 0.592258 0.116915 0.126739

3 0.664428 0.567097 0.094527 0.165879

3 0.638308 0.209247 0.074627 0.150968

3 0.793159 0.171970 0.063433 0.158423

3 0.261443 0.491613 0.089552 0.123011

3 0.166915 0.772115 0.064677 0.143513

3 0.046891 0.775843 0.073383 0.106237

3 0.106592 0.415197 0.073383 0.141649

3 0.792537 0.528889 0.084577 0.160287