3 0.512535 0.682051 0.117600 0.133333

3 0.642412 0.676068 0.134400 0.114530

3 0.683766 0.597436 0.113723 0.124786

3 0.844012 0.521368 0.098215 0.170940

3 0.855643 0.360684 0.100800 0.129915

3 0.488628 0.535043 0.126646 0.116239

3 0.098997 0.395726 0.096923 0.114530

3 0.297366 0.489744 0.082708 0.107692

3 0.190105 0.457265 0.108554 0.141880

3 0.155858 0.241880 0.094338 0.162393

3 0.774228 0.356410 0.077538 0.117949

3 0.605582 0.400855 0.071077 0.090598

3 0.552597 0.268376 0.091754 0.123077

3 0.309643 0.354701 0.094338 0.104274

3 0.382012 0.390598 0.086585 0.117949