3 0.649502 0.622079 0.077114 0.201291

3 0.757090 0.591326 0.068408 0.191972

3 0.813060 0.398423 0.085821 0.167742

3 0.834826 0.265161 0.057214 0.203155

3 0.217910 0.664947 0.082090 0.208746

3 0.314303 0.590394 0.065920 0.152832

3 0.405721 0.623943 0.084577 0.137922

3 0.487189 0.455269 0.078358 0.206882

3 0.642040 0.433835 0.059701 0.152832

3 0.623383 0.306164 0.069652 0.199427

3 0.541294 0.301505 0.062189 0.171470

3 0.345398 0.312688 0.075871 0.178925

3 0.397015 0.284731 0.047264 0.164015

3 0.219154 0.139354 0.059701 0.186380

3 0.200497 0.236272 0.079602 0.182653

3 0.172512 0.351828 0.090796 0.201291