3 0.490298 0.657491 0.116915 0.126739

3 0.627114 0.850395 0.106965 0.124875

3 0.579229 0.580144 0.103234 0.113692

3 0.660075 0.562437 0.083333 0.145377

3 0.833582 0.611828 0.064677 0.091326

3 0.923756 0.694768 0.085821 0.115556

3 0.783831 0.528889 0.084577 0.152832

3 0.633955 0.198996 0.063433 0.149104

3 0.791294 0.314551 0.082090 0.104373

3 0.392662 0.255842 0.065920 0.102509

3 0.531343 0.307096 0.106965 0.149104

3 0.263930 0.480430 0.079602 0.111828

3 0.788184 0.157060 0.063433 0.128602