3 0.213557 0.208315 0.143035 0.197563

3 0.591667 0.064802 0.185323 0.126739

3 0.905099 0.346236 0.138060 0.175198

3 0.777612 0.404014 0.121891 0.145377

3 0.811194 0.543799 0.179104 0.130466

3 0.661318 0.656560 0.200249 0.132330

3 0.365920 0.272616 0.184080 0.136058

3 0.058085 0.591326 0.108209 0.124875
3 0.244030 0.597850 0.069652 0.328030

3 0.370274 0.437563 0.093284 0.141649
3 0.328607 0.761864 0.211443 0.164015

3 0.149502 0.763728 0.116915 0.156560

3 0.425622 0.668674 0.134328 0.178925

3 0.320522 0.638853 0.123134 0.123011

3 0.487811 0.749750 0.149254 0.154696

3 0.581095 0.741363 0.141791 0.156560

3 0.253980 0.861578 0.174129 0.150968

3 0.717910 0.271684 0.149254 0.212474