4 0.097070 0.547009 0.089654 0.058120
4 0.257166 0.401709 0.076846 0.047863

4 0.896270 0.484615 0.110146 0.070085

4 0.737454 0.294017 0.089654 0.058120
4 0.805335 0.339316 0.107585 0.059829

4 0.606224 0.299145 0.074000 0.051282

4 0.469608 0.490028 0.105308 0.047483
4 0.505185 0.467236 0.074000 0.039886

4 0.648916 0.425451 0.088231 0.036087
4 0.627570 0.332858 0.074000 0.035138

4 0.420512 0.328585 0.086808 0.039886
4 0.342955 0.303419 0.130923 0.063628
4 0.427628 0.174739 0.058346 0.028490

4 0.445416 0.235518 0.096769 0.051282

4 0.604089 0.193257 0.069731 0.042735
4 0.367858 0.421178 0.089654 0.057930